  10158 95
  11130 37
  13103 36
  14441 35
 160147 98
  17103 96
 382835 100
   4169 50
   4226 51
   4233 49
   4288 46
   4290 48
   4304 54
   4308 53
   4324 47
   4336 52
   4423 55
   4435 45
  44539 97
   4458 56
   4472 43
   4590 44
   4650 57
   4898 58
   4924 59
   5012 42
   5030 60
   5127 61
   5153 62
   5178 65
   5204 66
   5263 63
   5274 64
   5279 76
   5379 68
5399928 101
   5404 75
   5456 81
   5472 74
   5485 67
   5491 69
   5531 73
  55323 99
   5546 80
   5576 79
   5577 78
   5592 41
   5639 70
   5687 71
   5692 82
   5751 77
   5764 72
   5868 83
   6003 84
   6376 85
   6435 40
   6545 86
   6750 87
   6778 39
   6897 88
   7157 89
   7628 90
   7954 92
   8134 91
   8238 93
   8637 94
   9022 38
