   1003 60
   1062 61
   1116 62
   1151 63
 120579 98
  12302 96
   1230 64
   1292 65
   1310 66
   1442 67
   1538 68
   1619 69
 171649 100
   1753 70
   1901 71
  20249 99
   2059 72
   2131 73
   2246 75
   2250 74
   2250 76
   2535 77
   2647 78
   2833 79
   2882 80
   2992 81
   3066 82
   3132 83
  32308 97
   3382 84
   3684 85
   3949 86
   4013 87
    422 35
   4256 88
   4537 89
   4957 90
    512 36
   5310 92
   5391 91
    539 38
   5530 93
    562 37
    567 39
   5775 94
5948502 101
    606 41
    610 45
    611 42
    617 47
    618 43
    622 40
   6685 95
    669 44
    686 48
    692 46
    707 50
    709 49
    751 52
    786 51
    800 54
    809 53
    864 55
    927 56
    941 59
    943 58
    951 57
