   1001 37
10393983 101
   1052 38
  10830 81
   1106 39
  11200 82
   1150 41
   1195 40
  12031 83
   1237 42
  12807 84
   1286 43
   1295 44
   1304 45
  13745 85
   1479 46
   1491 47
  14942 86
   1529 49
  15328 87
   1545 48
  16341 88
   1678 50
   1689 51
  17138 89
   1798 52
  18227 90
   1892 53
  19592 91
   2015 54
  20372 92
   2058 55
  21366 93
   2181 56
   2219 57
 226085 98
  22646 94
   2442 58
  24663 95
   2636 59
   2824 60
 299637 100
   3022 61
   3116 63
   3170 62
  34054 99
   3492 64
  35048 96
   3667 65
   4052 66
   4198 67
   4433 68
   4855 69
   5264 70
   5685 71
   6132 72
   6621 73
   6955 74
  69755 97
   7273 75
   7787 76
   8781 77
   9022 78
    937 35
   9792 79
    980 36
   9840 80
