  10110 75
  10401 76
  11357 78
  11774 77
  11829 79
  12159 80
  12719 81
  13335 82
  14124 83
  14866 84
  15752 85
  16698 86
  17198 87
  18231 88
  18843 89
  20029 90
  21245 91
  22094 92
  22973 93
  24580 94
  27584 95
 301060 98
  40564 96
   4869 45
   4874 50
   4893 46
   4912 48
   4961 49
   4971 47
   4995 44
   5037 43
   5086 52
   5152 51
 520935 100
   5238 42
   5412 53
   5421 41
   5461 54
   5516 55
   5799 57
   5810 56
   6150 58
   6172 40
  63502 99
   6384 39
   6518 59
   6639 60
   6978 61
   7030 62
   7129 63
   7351 64
   7353 38
   7451 65
   7688 66
   8043 67
   8045 68
   8219 37
   8402 69
  85185 97
   8855 70
   9043 36
   9225 71
   9441 72
   9670 73
   9784 74
9839944 101
   9898 35
